/* GENERATED FILE */
import React, { ReactElement } from "react"
import type { IconWeight } from '../../lib'

export default new Map<IconWeight, ReactElement>([
  ["Bold", <><path fillRule="evenodd" clipRule="evenodd" d="M3.2132 3.2132C1.5956 4.83081 1.5956 7.45346 3.2132 9.07107L14.9289 20.7868C16.5465 22.4044 19.1692 22.4044 20.7868 20.7868C22.4044 19.1692 22.4044 16.5465 20.7868 14.9289L9.07107 3.2132C7.45346 1.5956 4.83081 1.5956 3.2132 3.2132ZM9.34458 8.23084C9.03703 7.92329 8.53839 7.92329 8.23084 8.23084C7.92329 8.53839 7.92329 9.03703 8.23084 9.34458C8.53839 9.65213 9.03703 9.65213 9.34458 9.34458C9.65213 9.03703 9.65213 8.53839 9.34458 8.23084ZM12.1289 9.15895C11.8214 8.8514 11.3227 8.8514 11.0152 9.15895C10.7076 9.4665 10.7076 9.96514 11.0152 10.2727C11.3227 10.5802 11.8214 10.5802 12.1289 10.2727C12.4365 9.96514 12.4365 9.4665 12.1289 9.15895ZM15.8414 12.8714C16.1489 13.179 16.1489 13.6776 15.8414 13.9852C15.5338 14.2927 15.0352 14.2927 14.7277 13.9852C14.4201 13.6776 14.4201 13.179 14.7277 12.8714C15.0352 12.5639 15.5338 12.5639 15.8414 12.8714ZM16.7695 16.7695C17.0771 16.462 17.0771 15.9633 16.7695 15.6558C16.462 15.3482 15.9633 15.3482 15.6558 15.6558C15.3482 15.9633 15.3482 16.462 15.6558 16.7695C15.9633 17.0771 16.462 17.0771 16.7695 16.7695ZM13.057 13.057C13.3646 12.7495 13.3646 12.2509 13.057 11.9433C12.7495 11.6358 12.2509 11.6358 11.9433 11.9433C11.6358 12.2509 11.6358 12.7495 11.9433 13.057C12.2509 13.3646 12.7495 13.3646 13.057 13.057ZM13.9852 14.7277C14.2927 15.0352 14.2927 15.5338 13.9852 15.8414C13.6776 16.1489 13.179 16.1489 12.8714 15.8414C12.5639 15.5338 12.5639 15.0352 12.8714 14.7277C13.179 14.4201 13.6776 14.4201 13.9852 14.7277ZM9.15895 11.0152C9.4665 10.7076 9.96514 10.7076 10.2727 11.0152C10.5802 11.3227 10.5802 11.8214 10.2727 12.1289C9.96514 12.4365 9.4665 12.4365 9.15895 12.1289C8.8514 11.8214 8.8514 11.3227 9.15895 11.0152Z" fill="currentColor"/>
<path d="M5.08148 13.0607L3.2132 14.9289C1.5956 16.5465 1.5956 19.1692 3.2132 20.7868C4.83081 22.4044 7.45346 22.4044 9.07107 20.7868L10.9393 18.9185L5.08148 13.0607Z" fill="currentColor"/>
<path d="M18.9185 10.9393L20.7868 9.07107C22.4044 7.45346 22.4044 4.83081 20.7868 3.2132C19.1692 1.5956 16.5465 1.5956 14.9289 3.2132L13.0607 5.08148L18.9185 10.9393Z" fill="currentColor"/></>],
  ["BoldDuotone", <><path fillRule="evenodd" clipRule="evenodd" d="M3.2132 3.2132C1.5956 4.83081 1.5956 7.45346 3.2132 9.07107L14.9289 20.7868C16.5465 22.4044 19.1692 22.4044 20.7868 20.7868C22.4044 19.1692 22.4044 16.5465 20.7868 14.9289L9.07107 3.2132C7.45346 1.5956 4.83081 1.5956 3.2132 3.2132ZM9.34458 8.23084C9.03703 7.92329 8.53839 7.92329 8.23084 8.23084C7.92329 8.53839 7.92329 9.03703 8.23084 9.34458C8.53839 9.65213 9.03703 9.65213 9.34458 9.34458C9.65213 9.03703 9.65213 8.53839 9.34458 8.23084ZM12.1289 9.15895C11.8214 8.8514 11.3227 8.8514 11.0152 9.15895C10.7076 9.4665 10.7076 9.96514 11.0152 10.2727C11.3227 10.5802 11.8214 10.5802 12.1289 10.2727C12.4365 9.96514 12.4365 9.4665 12.1289 9.15895ZM15.8414 12.8714C16.1489 13.179 16.1489 13.6776 15.8414 13.9852C15.5338 14.2927 15.0352 14.2927 14.7277 13.9852C14.4201 13.6776 14.4201 13.179 14.7277 12.8714C15.0352 12.5639 15.5338 12.5639 15.8414 12.8714ZM16.7695 16.7695C17.0771 16.462 17.0771 15.9633 16.7695 15.6558C16.462 15.3482 15.9633 15.3482 15.6558 15.6558C15.3482 15.9633 15.3482 16.462 15.6558 16.7695C15.9633 17.0771 16.462 17.0771 16.7695 16.7695ZM13.057 13.057C13.3646 12.7495 13.3646 12.2509 13.057 11.9433C12.7495 11.6358 12.2509 11.6358 11.9433 11.9433C11.6358 12.2509 11.6358 12.7495 11.9433 13.057C12.2509 13.3646 12.7495 13.3646 13.057 13.057ZM13.9852 14.7277C14.2927 15.0352 14.2927 15.5338 13.9852 15.8414C13.6776 16.1489 13.179 16.1489 12.8714 15.8414C12.5639 15.5338 12.5639 15.0352 12.8714 14.7277C13.179 14.4201 13.6776 14.4201 13.9852 14.7277ZM9.15895 11.0152C9.4665 10.7076 9.96514 10.7076 10.2727 11.0152C10.5802 11.3227 10.5802 11.8214 10.2727 12.1289C9.96514 12.4365 9.4665 12.4365 9.15895 12.1289C8.8514 11.8214 8.8514 11.3227 9.15895 11.0152Z" fill="currentColor"/>
<g opacity="0.5">
<path d="M20.7868 9.07107C22.4044 7.45346 22.4044 4.83081 20.7868 3.2132C19.1692 1.5956 16.5465 1.5956 14.9289 3.2132L12 6.14214L17.8579 12L20.7868 9.07107Z" fill="currentColor"/>
<path d="M12 17.8579L6.14214 12L3.2132 14.9289C1.5956 16.5465 1.5956 19.1692 3.2132 20.7868C4.83081 22.4044 7.45346 22.4044 9.07107 20.7868L12 17.8579Z" fill="currentColor"/>
</g></>],
  ["Broken", <><path d="M13.5 7.64214L9.07107 3.2132C7.45346 1.5956 4.83081 1.5956 3.2132 3.2132C1.5956 4.83081 1.5956 7.45346 3.2132 9.07107L14.9289 20.7868C16.5465 22.4044 19.1692 22.4044 20.7868 20.7868C22.4044 19.1692 22.4044 16.5465 20.7868 14.9289L16.4289 10.5711" stroke="currentColor" strokeWidth="1.5" strokeLinecap="round"/>
<path d="M12 17.8579L9.07102 20.7868C7.45342 22.4044 4.83076 22.4044 3.21316 20.7868C2.97114 20.5448 2.76534 20.2803 2.59574 20M6.14209 12L3.21316 14.9289C2.89075 15.2513 2.63261 15.6137 2.43872 16M12 6.14214L14.9289 3.2132C16.5465 1.5956 19.1691 1.5956 20.7867 3.2132C22.4044 4.83081 22.4044 7.45346 20.7867 9.07107L17.8578 12" stroke="currentColor" strokeWidth="1.5" strokeLinecap="round"/>
<path d="M15.8414 12.8714C16.1489 13.179 16.1489 13.6776 15.8414 13.9852C15.5338 14.2927 15.0352 14.2927 14.7277 13.9852C14.4201 13.6776 14.4201 13.179 14.7277 12.8714C15.0352 12.5639 15.5338 12.5639 15.8414 12.8714Z" fill="currentColor"/>
<path d="M12.1289 9.15895C11.8214 8.8514 11.3227 8.8514 11.0152 9.15895C10.7076 9.4665 10.7076 9.96514 11.0152 10.2727C11.3227 10.5802 11.8214 10.5802 12.1289 10.2727C12.4365 9.96514 12.4365 9.4665 12.1289 9.15895Z" fill="currentColor"/>
<path d="M16.7695 15.6558C17.0771 15.9633 17.0771 16.462 16.7695 16.7695C16.462 17.0771 15.9633 17.0771 15.6558 16.7695C15.3482 16.462 15.3482 15.9633 15.6558 15.6558C15.9633 15.3482 16.462 15.3482 16.7695 15.6558Z" fill="currentColor"/>
<path d="M9.34458 8.23084C9.03703 7.92329 8.53839 7.92329 8.23084 8.23084C7.92329 8.53839 7.92329 9.03703 8.23084 9.34458C8.53839 9.65213 9.03703 9.65213 9.34458 9.34458C9.65213 9.03703 9.65213 8.53839 9.34458 8.23084Z" fill="currentColor"/>
<path d="M13.057 11.9433C13.3646 12.2509 13.3646 12.7495 13.057 13.057C12.7495 13.3646 12.2509 13.3646 11.9433 13.057C11.6358 12.7495 11.6358 12.2509 11.9433 11.9433C12.2509 11.6358 12.7495 11.6358 13.057 11.9433Z" fill="currentColor"/>
<path d="M13.9852 14.7277C14.2927 15.0352 14.2927 15.5338 13.9852 15.8414C13.6776 16.1489 13.179 16.1489 12.8714 15.8414C12.5639 15.5338 12.5639 15.0352 12.8714 14.7277C13.179 14.4201 13.6776 14.4201 13.9852 14.7277Z" fill="currentColor"/>
<path d="M10.2727 11.0152C9.96514 10.7076 9.4665 10.7076 9.15895 11.0152C8.8514 11.3227 8.8514 11.8214 9.15895 12.1289C9.4665 12.4365 9.96514 12.4365 10.2727 12.1289C10.5802 11.8214 10.5802 11.3227 10.2727 11.0152Z" fill="currentColor"/></>],
  ["Linear", <><path d="M3.2132 9.07107C1.5956 7.45346 1.5956 4.83081 3.2132 3.2132C4.83081 1.5956 7.45346 1.5956 9.07107 3.2132L20.7868 14.9289C22.4044 16.5465 22.4044 19.1692 20.7868 20.7868C19.1692 22.4044 16.5465 22.4044 14.9289 20.7868L3.2132 9.07107Z" stroke="currentColor" strokeWidth="1.5"/>
<path d="M12 17.8579L9.07107 20.7868C7.45346 22.4044 4.83081 22.4044 3.2132 20.7868C1.5956 19.1692 1.5956 16.5465 3.2132 14.9289L6.14214 12L12 17.8579Z" stroke="currentColor" strokeWidth="1.5"/>
<path d="M12 6.14214L14.9289 3.2132C16.5465 1.5956 19.1692 1.5956 20.7868 3.2132C22.4044 4.83081 22.4044 7.45346 20.7868 9.07107L17.8579 12L12 6.14214Z" stroke="currentColor" strokeWidth="1.5"/>
<path d="M15.8414 12.8714C16.1489 13.179 16.1489 13.6776 15.8414 13.9852C15.5338 14.2927 15.0352 14.2927 14.7277 13.9852C14.4201 13.6776 14.4201 13.179 14.7277 12.8714C15.0352 12.5639 15.5338 12.5639 15.8414 12.8714Z" fill="currentColor"/>
<path d="M12.1289 9.15895C11.8214 8.8514 11.3227 8.8514 11.0152 9.15895C10.7076 9.4665 10.7076 9.96514 11.0152 10.2727C11.3227 10.5802 11.8214 10.5802 12.1289 10.2727C12.4365 9.96514 12.4365 9.4665 12.1289 9.15895Z" fill="currentColor"/>
<path d="M16.7695 15.6558C17.0771 15.9633 17.0771 16.462 16.7695 16.7695C16.462 17.0771 15.9633 17.0771 15.6558 16.7695C15.3482 16.462 15.3482 15.9633 15.6558 15.6558C15.9633 15.3482 16.462 15.3482 16.7695 15.6558Z" fill="currentColor"/>
<path d="M9.34458 8.23084C9.03703 7.92329 8.53839 7.92329 8.23084 8.23084C7.92329 8.53839 7.92329 9.03703 8.23084 9.34458C8.53839 9.65213 9.03703 9.65213 9.34458 9.34458C9.65213 9.03703 9.65213 8.53839 9.34458 8.23084Z" fill="currentColor"/>
<path d="M13.057 11.9433C13.3646 12.2509 13.3646 12.7495 13.057 13.057C12.7495 13.3646 12.2509 13.3646 11.9433 13.057C11.6358 12.7495 11.6358 12.2509 11.9433 11.9433C12.2509 11.6358 12.7495 11.6358 13.057 11.9433Z" fill="currentColor"/>
<path d="M13.9852 14.7277C14.2927 15.0352 14.2927 15.5338 13.9852 15.8414C13.6776 16.1489 13.179 16.1489 12.8714 15.8414C12.5639 15.5338 12.5639 15.0352 12.8714 14.7277C13.179 14.4201 13.6776 14.4201 13.9852 14.7277Z" fill="currentColor"/>
<path d="M10.2727 11.0152C9.96514 10.7076 9.4665 10.7076 9.15895 11.0152C8.8514 11.3227 8.8514 11.8214 9.15895 12.1289C9.4665 12.4365 9.96514 12.4365 10.2727 12.1289C10.5802 11.8214 10.5802 11.3227 10.2727 11.0152Z" fill="currentColor"/></>],
  ["LineDuotone", <><path d="M3.2132 9.07107C1.5956 7.45346 1.5956 4.83081 3.2132 3.2132C4.83081 1.5956 7.45346 1.5956 9.07107 3.2132L20.7868 14.9289C22.4044 16.5465 22.4044 19.1692 20.7868 20.7868C19.1692 22.4044 16.5465 22.4044 14.9289 20.7868L3.2132 9.07107Z" stroke="currentColor" strokeWidth="1.5"/>
<g opacity="0.5">
<path d="M12 17.8579L9.07107 20.7868C7.45346 22.4044 4.83081 22.4044 3.2132 20.7868C1.5956 19.1692 1.5956 16.5465 3.2132 14.9289L6.14214 12L12 17.8579Z" stroke="currentColor" strokeWidth="1.5"/>
<path d="M12 6.14214L14.9289 3.2132C16.5465 1.5956 19.1692 1.5956 20.7868 3.2132C22.4044 4.83081 22.4044 7.45346 20.7868 9.07107L17.8579 12L12 6.14214Z" stroke="currentColor" strokeWidth="1.5"/>
</g>
<path d="M15.8413 12.8714C16.1489 13.1789 16.1489 13.6775 15.8413 13.9851C15.5338 14.2926 15.0351 14.2926 14.7276 13.9851C14.42 13.6775 14.42 13.1789 14.7276 12.8714C15.0351 12.5638 15.5338 12.5638 15.8413 12.8714Z" fill="currentColor"/>
<path d="M12.1289 9.15889C11.8213 8.85133 11.3227 8.85133 11.0151 9.15889C10.7076 9.46644 10.7076 9.96508 11.0151 10.2726C11.3227 10.5802 11.8213 10.5802 12.1289 10.2726C12.4364 9.96508 12.4364 9.46644 12.1289 9.15889Z" fill="currentColor"/>
<path d="M13.9851 14.7276C14.2926 15.0351 14.2926 15.5338 13.9851 15.8413C13.6775 16.1489 13.1789 16.1489 12.8714 15.8413C12.5638 15.5338 12.5638 15.0351 12.8714 14.7276C13.1789 14.42 13.6775 14.42 13.9851 14.7276Z" fill="currentColor"/>
<path d="M10.2726 11.0151C9.96508 10.7076 9.46644 10.7076 9.15889 11.0151C8.85133 11.3227 8.85133 11.8213 9.15889 12.1289C9.46644 12.4364 9.96508 12.4364 10.2726 12.1289C10.5802 11.8213 10.5802 11.3227 10.2726 11.0151Z" fill="currentColor"/>
<path d="M16.7696 15.6556C17.0771 15.9631 17.0771 16.4618 16.7696 16.7693C16.462 17.0769 15.9634 17.0769 15.6558 16.7693C15.3483 16.4618 15.3483 15.9631 15.6558 15.6556C15.9634 15.348 16.462 15.348 16.7696 15.6556Z" fill="currentColor"/>
<path d="M9.34465 8.23066C9.0371 7.92311 8.53846 7.92311 8.23091 8.23066C7.92336 8.53821 7.92336 9.03685 8.23091 9.3444C8.53846 9.65195 9.0371 9.65195 9.34465 9.3444C9.6522 9.03685 9.6522 8.53821 9.34465 8.23066Z" fill="currentColor"/>
<path opacity="0.5" d="M13.057 11.9436C13.3646 12.2511 13.3646 12.7497 13.057 13.0573C12.7495 13.3648 12.2509 13.3648 11.9433 13.0573C11.6358 12.7497 11.6358 12.2511 11.9433 11.9436C12.2509 11.636 12.7495 11.636 13.057 11.9436Z" fill="currentColor"/></>],
  ["Outline", <><path d="M9.34458 8.23084C9.03703 7.92329 8.53839 7.92329 8.23084 8.23084C7.92329 8.53839 7.92329 9.03703 8.23084 9.34458C8.53839 9.65213 9.03703 9.65213 9.34458 9.34458C9.65213 9.03703 9.65213 8.53839 9.34458 8.23084Z" fill="currentColor"/>
<path d="M12.1289 9.15895C11.8214 8.8514 11.3227 8.8514 11.0152 9.15895C10.7076 9.4665 10.7076 9.96514 11.0152 10.2727C11.3227 10.5802 11.8214 10.5802 12.1289 10.2727C12.4365 9.96514 12.4365 9.4665 12.1289 9.15895Z" fill="currentColor"/>
<path d="M15.8414 12.8714C16.1489 13.179 16.1489 13.6776 15.8414 13.9852C15.5338 14.2927 15.0352 14.2927 14.7277 13.9852C14.4201 13.6776 14.4201 13.179 14.7277 12.8714C15.0352 12.5639 15.5338 12.5639 15.8414 12.8714Z" fill="currentColor"/>
<path d="M16.7695 16.7695C17.0771 16.462 17.0771 15.9633 16.7695 15.6558C16.462 15.3482 15.9633 15.3482 15.6558 15.6558C15.3482 15.9633 15.3482 16.462 15.6558 16.7695C15.9633 17.0771 16.462 17.0771 16.7695 16.7695Z" fill="currentColor"/>
<path d="M13.057 13.057C13.3646 12.7495 13.3646 12.2509 13.057 11.9433C12.7495 11.6358 12.2509 11.6358 11.9433 11.9433C11.6358 12.2509 11.6358 12.7495 11.9433 13.057C12.2509 13.3646 12.7495 13.3646 13.057 13.057Z" fill="currentColor"/>
<path d="M13.9852 14.7277C14.2927 15.0352 14.2927 15.5338 13.9852 15.8414C13.6776 16.1489 13.179 16.1489 12.8714 15.8414C12.5639 15.5338 12.5639 15.0352 12.8714 14.7277C13.179 14.4201 13.6776 14.4201 13.9852 14.7277Z" fill="currentColor"/>
<path d="M9.15895 11.0152C9.4665 10.7076 9.96514 10.7076 10.2727 11.0152C10.5802 11.3227 10.5802 11.8214 10.2727 12.1289C9.96514 12.4365 9.4665 12.4365 9.15895 12.1289C8.8514 11.8214 8.8514 11.3227 9.15895 11.0152Z" fill="currentColor"/>
<path fillRule="evenodd" clipRule="evenodd" d="M14.3986 2.68287C16.3091 0.772375 19.4066 0.772376 21.3171 2.68287C23.2276 4.59337 23.2276 7.6909 21.3171 9.6014L18.9185 12L21.3171 14.3986C23.2276 16.3091 23.2276 19.4066 21.3171 21.3171C19.4066 23.2276 16.3091 23.2276 14.3986 21.3171L12 18.9185L9.6014 21.3171C7.6909 23.2276 4.59337 23.2276 2.68287 21.3171C0.772376 19.4066 0.772376 16.3091 2.68287 14.3986L5.08148 12L2.68287 9.6014C0.772376 7.6909 0.772375 4.59337 2.68287 2.68287C4.59337 0.772376 7.6909 0.772376 9.6014 2.68287L12 5.08148L14.3986 2.68287ZM20.2565 15.4593C21.5812 16.784 21.5812 18.9318 20.2565 20.2565C18.9318 21.5812 16.784 21.5812 15.4593 20.2565L3.74353 8.54074C2.41882 7.21603 2.41882 5.06824 3.74353 3.74353C5.06824 2.41882 7.21603 2.41882 8.54074 3.74353L20.2565 15.4593ZM20.2565 8.54074L17.8579 10.9393L13.0607 6.14214L15.4593 3.74353C16.784 2.41882 18.9318 2.41882 20.2565 3.74353C21.5812 5.06825 21.5812 7.21603 20.2565 8.54074ZM3.74353 15.4593L6.14214 13.0607L10.9393 17.8579L8.54074 20.2565C7.21603 21.5812 5.06825 21.5812 3.74353 20.2565C2.41882 18.9318 2.41882 16.784 3.74353 15.4593Z" fill="currentColor"/></>]
]);
